starting Cora here, shuffle = False
0.904 -8.101406274363399e-05
0.906 -3.732653203769587e-05
0.906 -5.205588604439981e-05
0.902 -4.144421109231189e-05
0.906 2.7582747861742973e-05
0.902 1.9473543943604454e-05
0.908 -1.670132769504562e-05
0.904 -1.72155905602267e-05
0.904 -8.143275772454217e-05
0.908 -2.45823848672444e-05
0.908 3.574937363737263e-05
0.912 2.1759273295174353e-05
0.916 1.2036100997647736e-05
0.912 8.46913899295032e-05
0.906 0.00011158742563566193
0.902 7.968462159624323e-05
0.906 -4.90843849547673e-05
0.908 0.00015025210450403392
0.91 2.589336691016797e-05
0.906 4.31983862654306e-05
0.906 5.263188086246373e-06
0.904 0.00011564567103050649
0.91 5.0038255722029135e-05
0.906 2.0122943169553764e-05
0.904 3.908129656338133e-05
0.906 -4.695129246101715e-05
0.9 8.320991037180647e-05
0.904 -3.7593908928101882e-06
0.908 -3.349348116898909e-05
0.904 0.00010130487498827279
0.906 -1.130760574596934e-05
0.902 -6.656633922830224e-05
0.906 -3.6830627436756913e-07
0.906 0.00011938317766180262
0.904 -4.731355147669092e-05
0.908 -9.289306035498157e-06
0.902 -6.724096601828933e-05
0.904 -8.424460247624665e-05
0.906 2.379947909503244e-05
0.904 2.9894928957219236e-05
0.912 9.61318364716135e-05
0.904 -2.2470587282441556e-05
0.914 -2.6055211492348462e-05
0.904 1.887084545160178e-05
0.906 4.063949745614082e-06
0.906 0.00020812352886423469
0.908 -4.132401954848319e-05
0.906 -5.4272604756988585e-06
0.902 0.00014432291209232062
0.906 2.0297073206165805e-05
0.908 9.400194539921358e-05
0.906 -4.817545777768828e-05
0.906 8.144729122250283e-07
0.902 9.80551412794739e-05
0.904 4.706196705228649e-06
0.904 -3.448074494372122e-05
0.904 -8.882503607310355e-05
0.908 -6.60341393086128e-05
0.91 -4.5364951802184805e-05
0.908 6.699778896290809e-05
0.902 -3.359896072652191e-05
0.902 3.623673137553851e-06
0.906 4.162499863014091e-06
0.904 0.00011119814735138789
0.908 -4.2796953493962064e-05
0.904 -0.00014251278480514884
0.91 0.00010838960588444024
0.904 2.3181210053735413e-05
0.908 7.795856799930334e-05
0.904 2.6354384317528456e-05
0.908 9.704560216050595e-05
0.902 -6.457882591348607e-06
0.912 8.7289787188638e-05
0.904 2.5139101126114838e-05
0.904 -0.0001040451243170537
0.902 5.658201553160325e-05
0.904 -5.0308612117078155e-05
0.906 6.13854790572077e-05
0.904 2.3632176180399256e-06
0.91 -2.3554268409498036e-05
0.906 -5.3056643082527444e-05
0.91 0.00011797330807894468
0.908 8.630473894299939e-05
0.902 -7.506444035243476e-06
0.906 -1.2679050996666774e-05
0.906 -9.047659841598943e-05
0.908 -0.0001372922124573961
0.904 1.7526583178550936e-05
0.902 4.005663504358381e-05
0.908 3.385533318578382e-06
0.906 6.487769860541448e-05
0.91 -2.0818990378757007e-05
0.906 6.770052277715877e-05
0.904 0.0001110121957026422
0.906 5.320513810147531e-05
0.904 6.156929885037243e-05
0.906 -4.344390981714241e-05
0.904 5.2132440032437444e-05
0.904 -3.511167233227752e-05
0.906 -2.2947091565583833e-05
finished Cora here
starting Citeseer here, shuffle = False
0.816 -2.3425711333402433e-05
0.814 3.527451553964056e-06
0.81 -2.6325018552597612e-05
0.8 -4.5185407770986785e-07
0.8 1.760736631695181e-05
0.81 -1.1759562767110765e-05
0.804 -3.248404482292244e-06
0.802 -3.2790117074910086e-06
0.808 -3.131781795673305e-06
0.808 -1.6710404452169314e-05
0.806 -5.086249075247906e-06
0.808 1.7663287508185022e-06
0.81 9.693388165032957e-06
0.81 -2.558976848376915e-05
0.808 -3.0345001505338587e-05
0.802 -1.7177624613395892e-05
0.806 -3.562066922313534e-05
0.81 -4.515509317570832e-06
0.808 -2.5901250410242938e-05
0.81 -6.612663128180429e-06
0.81 4.110853296879213e-06
0.808 1.113712914957432e-05
0.81 2.801788923534332e-06
0.802 -6.572020993189653e-06
0.806 1.1293974239379168e-05
0.808 1.897552101581823e-05
0.808 6.2075482674117666e-06
0.798 2.734472400334198e-05
0.812 2.9144084692234173e-05
0.806 -5.207818503549788e-06
0.81 2.0239453988324385e-06
0.806 -1.9381091988179833e-05
0.818 -3.681842645164579e-05
0.81 -1.4837245544185862e-05
0.808 5.383215466281399e-06
0.796 -1.059675014403183e-07
0.802 -2.5767278202692978e-05
0.81 -2.180929914175067e-05
0.802 -1.3637603842653334e-05
0.818 1.0139074220205657e-05
0.81 -1.2567205885716248e-05
0.808 -1.4617136912420392e-05
0.802 -1.1044343409594148e-05
0.804 6.590037173737073e-06
0.804 -9.715337910165545e-06
0.81 1.9774473912548274e-05
0.808 -1.0800397831189912e-05
0.806 2.15655418287497e-05
0.814 1.819692988647148e-05
0.806 -1.6830017557367682e-05
0.808 7.709456440352369e-06
0.806 -2.538286935305223e-05
0.806 7.648048267583363e-06
0.806 -1.4739167454536073e-05
0.826 -1.747805072227493e-05
0.808 -1.1967717000516132e-05
0.814 -5.412989139585989e-06
0.804 -1.2222214536450338e-05
0.802 6.7537175709730946e-06
0.814 -2.2539963993040146e-06
0.814 -3.180391558998963e-07
0.802 -4.098678800801281e-06
0.802 -4.736425580631476e-06
0.806 -3.9737249608151615e-05
0.814 -4.8933152356767096e-06
0.806 -1.8715179976425134e-05
0.804 1.3818050319969188e-05
0.81 -1.5704199540778063e-05
0.808 -3.413463491597213e-05
0.81 1.3218803360359743e-05
0.8 1.910676473926287e-05
0.806 1.5456234905286692e-05
0.81 6.965802185732173e-06
0.812 2.3640495783183724e-05
0.806 -1.685060851741582e-05
0.814 2.5090237613767385e-05
0.804 -1.6543667697987985e-06
0.806 -1.1982579053437803e-06
0.808 2.172429049096536e-05
0.808 2.1539981389651075e-05
0.806 -7.542814273620024e-06
0.808 -2.140086144208908e-05
0.806 -1.8730728697846644e-05
0.806 2.5202885808539577e-05
0.804 1.467638139729388e-05
0.808 -1.5972333358149626e-06
0.806 1.607422200322617e-05
0.798 1.818957343857619e-06
0.81 -1.316928319283761e-05
0.802 -2.63550737145124e-06
0.8 4.1731123928911984e-05
0.804 1.409544529451523e-05
0.804 -3.8694435033903574e-07
0.81 3.368013130966574e-05
0.814 1.0003595889429562e-05
0.816 4.432092282513622e-06
0.816 -1.6465251974295825e-05
0.812 6.646432666457258e-06
0.794 -1.948966564668808e-05
0.81 -1.2960934327566065e-05
finished Citeseer here
starting Pubmed here, shuffle = False
0.916 -2.1876481696381234e-05
0.918 -3.707687938003801e-05
0.914 -6.275162832025671e-06
0.916 2.0149171177763492e-05
0.908 1.489040300839406e-06
0.912 -1.0863023817364592e-05
0.912 -1.1871758033521473e-05
0.914 3.991140999914933e-07
0.912 2.9337723390199244e-05
0.904 -9.552719347993843e-06
0.914 -1.5175940006884048e-06
0.908 9.309648703492712e-06
0.914 1.626551602385007e-05
0.91 1.7544888351039845e-06
0.908 -6.55418762107729e-06
0.912 4.218737558403518e-06
0.912 5.350558240024839e-06
0.91 4.589121090248227e-06
0.912 -3.1510246571997413e-06
0.912 9.306937499786727e-06
0.916 -3.2094844755192753e-06
0.918 2.3831657017581165e-05
0.904 1.2274695109226741e-05
0.912 1.3719027265324257e-05
0.91 1.0810918865900021e-05
0.918 1.1899828677996993e-05
0.916 7.548833877990546e-07
0.918 -6.819120244472288e-06
0.91 1.0648072930052876e-05
0.904 -2.4558241875638487e-06
0.912 1.4147514775686432e-05
0.908 -4.978042852599174e-06
0.906 8.925680958782323e-06
0.912 -1.3083226804155856e-05
0.912 -2.5472734705545008e-05
0.914 1.9227576558478177e-05
0.916 2.8849779027950717e-06
0.91 2.635967939568218e-05
0.922 5.516602413990768e-06
0.916 4.259328761690995e-06
0.902 -5.018590854888316e-06
0.918 4.500551312958123e-06
0.914 1.9282058929093182e-05
0.906 3.2703406759537756e-05
0.914 1.7956539295482798e-06
0.918 -3.1484182727581356e-07
0.906 2.9180313504184596e-05
0.918 -9.080508789338637e-06
0.914 2.0833233520534122e-06
0.906 -2.1617690435959958e-05
0.908 3.79300161057472e-07
0.912 -7.689380254305433e-06
0.916 -2.515665755709051e-06
0.914 1.2253768545633648e-05
0.904 1.2432795301720034e-05
0.916 -3.298272076790454e-06
0.908 7.688222467550077e-06
0.912 -8.440473720838781e-06
0.91 -1.6368995829907362e-06
0.908 -4.0918189370131586e-06
0.91 1.0151771675737109e-05
0.916 1.93313662748551e-05
0.904 2.3636459900444606e-07
0.912 9.334925380244385e-06
0.92 -5.10590371050057e-06
0.91 -6.101712642703205e-06
0.914 6.9074417297088075e-06
0.914 5.743130259361351e-06
0.908 8.743942998989951e-06
0.92 5.7284041758975945e-06
0.916 -1.1010298294422682e-05
0.914 1.682688161963597e-05
0.916 1.001133568934165e-05
0.91 1.470418510507443e-06
0.91 -3.708896201715106e-06
0.916 -1.2145313803557656e-06
0.914 7.666395504202228e-06
0.914 -2.7865149604622275e-05
0.918 5.78123990635504e-06
0.914 -1.211776543641463e-05
0.912 1.827177948143799e-05
0.912 1.7446793663111748e-06
0.914 -6.429987024603179e-06
0.916 -8.707809683983214e-06
0.916 -1.992144279938657e-05
0.912 -3.620390998548828e-06
0.908 -5.077848982182331e-06
0.912 -1.3634632978209993e-06
0.908 8.385092769458424e-06
0.908 2.652460125318612e-06
0.902 1.5952537069097161e-06
0.914 -2.1850190023542382e-05
0.916 -1.097374365599535e-06
0.908 -1.27097409858834e-05
0.912 1.6752783267293125e-05
0.914 1.833273586271389e-06
0.916 -4.3478394218254834e-06
0.916 -1.5355781215475872e-05
0.916 -5.219733907324553e-07
0.918 -1.4224176993593574e-05
finished Pubmed here
starting Cora here, shuffle = True
0.892 -6.6756532760337e-05
0.892 6.959881284274161e-05
0.898 7.454460137523711e-05
0.89 0.000148837105371058
0.89 4.660995909944177e-05
0.864 5.990015051793307e-05
0.902 1.996457103814464e-05
0.858 2.9102871849318035e-05
0.886 3.534632924129255e-05
0.876 6.223055152076995e-06
0.898 8.580650501244236e-06
0.874 -4.081201768713072e-05
0.868 -6.743749690940604e-05
0.904 -2.9746997824986465e-05
0.876 -0.00014908910088706762
0.892 5.126765609020367e-05
0.9 8.636566053610295e-05
0.898 -3.9331207517534494e-05
0.874 -8.18713306216523e-05
0.866 -6.709899753332138e-05
0.89 7.578941585961729e-05
0.88 -6.767614831915125e-05
0.906 7.646405720151961e-05
0.876 -1.007114042295143e-05
0.882 -4.027903560199775e-05
0.912 -1.6163465261342935e-05
0.874 -2.787163612083532e-05
0.894 -5.0816452130675316e-05
0.88 0.00013352079258766025
0.896 -7.832312257960439e-05
0.886 0.00011504234134918079
0.868 -5.5394149967469275e-05
0.908 -1.255795723409392e-05
0.888 -4.06491853937041e-05
0.906 2.919090911746025e-05
0.892 -2.2090738639235497e-05
0.916 -0.00013565144035965204
0.886 1.9251843696110882e-05
0.862 2.993360612890683e-05
0.892 7.540774277003948e-06
0.882 4.76158456876874e-05
0.892 -1.8806014850270003e-05
0.884 3.8527603464899585e-05
0.896 -4.698392513091676e-05
0.92 -4.283873931854032e-05
0.9 2.1161349650355987e-05
0.884 0.00010581733658909798
0.884 6.3959910221456084e-06
0.9 6.850527279311791e-05
0.876 4.521852679317817e-05
0.898 -8.641803287900984e-05
0.896 -5.3899071644991636e-05
0.888 -0.00018406110757496208
0.9 -2.2629312297794968e-05
0.884 0.00012332671030890197
0.874 7.906954124337062e-05
0.908 -8.361156505998224e-05
0.904 -0.00011460151290521026
0.892 -0.00011810641444753855
0.89 2.234381463495083e-05
0.872 5.959286500001326e-05
0.912 4.6323319111252204e-05
0.862 2.9566002922365442e-05
0.882 -3.694715996971354e-05
0.91 7.044522499199957e-05
0.886 1.3449938705889508e-05
0.898 5.3151721658650786e-05
0.896 7.904636731836945e-05
0.872 -3.48702997143846e-05
0.876 1.4556180758518167e-05
0.874 6.591626879526302e-05
0.87 3.255531191825867e-05
0.866 1.7423875760869123e-05
0.892 -2.171249252569396e-05
0.902 6.886455230414867e-05
0.874 -9.65098079177551e-05
0.896 -3.234713585698046e-05
0.894 -5.952361607342027e-05
0.89 -1.1120073395431973e-05
0.852 1.245920657311217e-06
0.896 -5.854879054822959e-05
0.888 -9.927812061505392e-05
0.888 -0.00014049035962671041
0.892 -6.692051101708785e-05
0.884 9.418677655048668e-05
0.896 -3.6790763260796666e-05
0.89 -0.0002702497586142272
0.908 0.00010791439126478508
0.872 0.00013216915249358863
0.886 0.00010954563913401216
0.882 -8.2124588516308e-06
0.882 9.115615102928132e-05
0.886 -2.6492654797038995e-05
0.896 9.015303658088669e-05
0.908 5.533263538382016e-05
0.886 4.9108086386695504e-05
0.902 -2.5924078727257438e-05
0.878 4.750010702991858e-05
0.882 -6.564814248122275e-05
0.89 -2.169713297917042e-05
finished Cora here
starting Citeseer here, shuffle = True
0.76 -5.107084689370822e-06
0.73 2.6780977350426838e-05
0.752 4.986332896805834e-06
0.792 3.644707248895429e-05
0.77 -4.454258487385232e-06
0.774 2.4108318029902875e-05
0.782 1.0301748261554167e-05
0.79 4.804576747119427e-06
0.78 -3.0565279303118587e-06
0.786 -1.1843394531751983e-06
0.776 -2.3409795176121406e-05
0.752 -3.1221870813169517e-06
0.728 1.3133010725141503e-05
0.748 3.137700559818768e-06
0.722 -1.0621375622577034e-05
0.806 -2.93607845378574e-05
0.822 1.3599689737020526e-05
0.808 -7.756148079351988e-06
0.784 -2.877796760003548e-06
0.774 -2.6796655220096e-05
0.78 8.460502613161225e-06
0.778 5.238381390881841e-07
0.784 1.8403621652396396e-05
0.772 -1.8890706996899098e-05
0.784 6.544713414768921e-06
0.772 1.1958799404965248e-05
0.774 -4.903335593553493e-06
0.76 -6.4784603637235705e-06
0.786 -5.870756012882339e-06
0.776 2.116450104949763e-06
0.802 1.9264864477008814e-06
0.768 -1.2283452633710112e-05
0.76 1.0570896847639233e-05
0.774 9.951445463229902e-06
0.77 -3.8916332414373755e-06
0.768 -3.975567960878834e-05
0.798 -9.85970655165147e-06
0.766 -1.9801032976829447e-05
0.77 -2.5890434699249454e-05
0.816 -2.5176964300044347e-06
0.766 1.8598199176267372e-06
0.792 -2.372468588873744e-05
0.788 9.082120413950179e-06
0.792 -1.840684490161948e-05
0.778 2.430196946079377e-05
0.752 -3.79905623049126e-06
0.77 3.055075922020478e-06
0.78 1.3621797734231222e-05
0.794 3.354484579176642e-05
0.804 -3.9397655200446025e-06
0.8 -5.853422635482275e-07
0.8 -1.47959181049373e-05
0.766 6.2223393797467e-06
0.8 2.314724952157121e-06
0.794 -1.2043044534948422e-06
0.804 -1.6274670997518115e-05
0.766 -1.1626668310782406e-05
0.796 3.164253485010704e-06
0.784 1.1222219654882792e-05
0.744 1.951798139998573e-06
0.766 -2.9600491870951373e-06
0.774 9.128090823651291e-06
0.792 -4.659427213482559e-05
0.774 -2.200912376792985e-06
0.79 1.6043255527620204e-05
0.78 3.377063421794446e-06
0.792 -1.4404666217160411e-05
0.782 3.306336293462664e-05
0.78 -3.38473455485655e-06
0.762 -3.080149690504186e-05
0.768 -2.14549399970565e-05
0.786 -2.289794610987883e-05
0.798 1.6177333463929244e-06
0.78 3.8084144762251526e-06
0.778 1.3123815733706579e-05
0.784 -1.2106601388950367e-05
0.78 -2.8131422368460335e-05
0.768 1.9713997971848585e-06
0.776 2.227001004939666e-06
0.776 -1.1109217666671611e-05
0.798 -3.81478457711637e-06
0.8 7.944121534819715e-06
0.784 -2.9892385100538377e-06
0.808 -4.167766746832058e-06
0.776 1.0264038792229258e-05
0.79 2.8031565307173878e-05
0.778 9.510405106993858e-06
0.78 -2.2828919099993072e-05
0.788 4.400289526529377e-06
0.788 8.635877293272642e-07
0.768 9.936626156559214e-06
0.776 3.738612576853484e-06
0.798 -2.1489679056685418e-05
0.782 -5.235584012552863e-06
0.758 3.10790965158958e-05
0.786 -7.08250581737957e-06
0.786 -1.0603057489788625e-05
0.786 6.144982762634754e-06
0.774 -9.654268069425598e-06
0.804 3.522071892803069e-06
finished Citeseer here
starting Pubmed here, shuffle = True
0.898 8.492186680086888e-06
0.91 -8.743972102820408e-06
0.91 -6.264547209866578e-06
0.91 -2.055760205621482e-06
0.896 -7.193749297584873e-06
0.906 1.1944238167416188e-06
0.912 2.7196117571293144e-06
0.896 -8.562192306271754e-06
0.908 -5.9174471971346065e-06
0.906 8.280275324068498e-06
0.912 8.559027264709584e-06
0.904 1.0636066463121097e-06
0.914 3.4937361306219827e-06
0.908 2.5601771085348446e-06
0.898 -3.56992654815258e-06
0.914 2.404780389042571e-06
0.91 -2.2926649307919433e-06
0.896 9.003699233289808e-06
0.904 1.767332651070319e-05
0.904 -2.258935580812249e-07
0.916 -1.7136537280748598e-05
0.884 1.6286707250401378e-05
0.912 -3.954636213165941e-06
0.924 2.6177176550845616e-06
0.938 1.351399168925127e-05
0.92 2.4887503968784586e-06
0.92 -3.7713596157118445e-07
0.922 -7.220211045932956e-06
0.878 -8.61298121890286e-06
0.926 -6.090478564146906e-06
0.928 -4.441926648723893e-06
0.914 5.218191290623508e-06
0.892 -1.2893076473119436e-06
0.916 -3.4304910059290705e-06
0.9 -7.4475651672401e-06
0.922 6.3656307247583754e-06
0.914 2.2307306153379614e-06
0.918 -3.3650128443696303e-06
0.906 1.6876276276889257e-05
0.908 9.474372745899018e-06
0.926 -1.0416886652819812e-05
0.916 -2.883241677409387e-06
0.922 -6.102087354520336e-06
0.918 2.740130184974987e-06
0.924 -1.6863086784724146e-05
0.938 9.176144885714166e-06
0.898 8.604661161371041e-06
0.894 1.0400563041912392e-05
0.886 2.301824679307174e-05
0.934 1.0861357623070944e-05
0.912 7.275797315742238e-07
0.924 7.530147286161082e-06
0.908 1.656398490013089e-05
0.92 5.841803840667126e-08
0.922 9.633115951146465e-06
0.916 5.396623805609124e-07
0.916 1.2696081284957472e-05
0.912 -7.6515043474501e-06
0.902 -1.3649629181600176e-05
0.914 1.2465928875826648e-06
0.922 6.738691809005104e-06
0.9 7.2953489507199265e-06
0.888 -3.5565110465540783e-06
0.914 1.0711513823480345e-05
0.908 6.392519935616292e-06
0.902 -6.791771738789976e-06
0.926 -5.205850811762502e-06
0.916 2.215609129052609e-06
0.9 6.7224723352410365e-06
0.904 6.566170213773148e-06
0.892 1.964616785699036e-05
0.906 -6.7138448685000185e-06
0.898 -1.2499460353865288e-05
0.914 -1.7824777387431823e-05
0.89 2.937516967449483e-07
0.89 -4.581302619044436e-06
0.914 -8.996504448077758e-07
0.908 1.2150627298979089e-05
0.91 1.3083908015687484e-05
0.912 -7.858199069232796e-07
0.9 2.1451407974382164e-06
0.92 -3.341065166750923e-06
0.928 1.1103068572992925e-05
0.93 4.283499038137961e-06
0.918 5.743926521972753e-06
0.906 5.281174253468635e-07
0.906 1.5881822037044913e-05
0.878 2.1626909074257128e-05
0.912 -3.334925395392929e-06
0.906 9.769681128091179e-06
0.896 5.100404905533651e-06
0.922 8.502644050167874e-06
0.902 5.876824616279919e-06
0.902 -1.768727656781266e-06
0.918 -1.0691182978916913e-05
0.916 -7.59538852435071e-06
0.896 8.211723979911767e-06
0.91 1.461187275708653e-05
0.912 2.192520878452342e-05
0.91 4.338217877375428e-06
finished Pubmed here
