starting Cora here, shuffle = False
0.904 -8.101341518340632e-05
0.906 -3.732651020982303e-05
0.906 -5.2055907872272655e-05
0.902 -4.144419654039666e-05
0.906 2.7582449547480792e-05
0.902 1.9473543943604454e-05
0.908 -1.6701309505151585e-05
0.904 -1.721506669127848e-05
0.904 -8.143275044858456e-05
0.908 -2.458237395330798e-05
0.908 3.5749388189287856e-05
0.912 2.175927693315316e-05
0.916 1.203610827360535e-05
0.91 8.46909242682159e-05
0.906 0.00011158779670950025
0.902 7.968492718646303e-05
0.906 -4.90843849547673e-05
0.908 0.00015025220636744052
0.91 2.5893370548146777e-05
0.904 4.31983862654306e-05
0.906 5.263199909677496e-06
0.904 0.00011564626038307324
0.908 5.003824844607152e-05
0.906 2.0122943169553764e-05
0.904 3.9081551221897826e-05
0.906 -4.695129246101715e-05
0.9 8.32099249237217e-05
0.904 -3.759400442504557e-06
0.908 -3.349347025505267e-05
0.904 0.00010130487498827279
0.906 -1.1307670320093166e-05
0.902 -6.656633195234463e-05
0.906 -3.6830672911492e-07
0.906 0.00011938319948967546
0.904 -4.731382432510145e-05
0.908 -9.28929694055114e-06
0.902 -6.72409514663741e-05
0.904 -8.424569386988878e-05
0.906 2.379947000008542e-05
0.904 2.989493623317685e-05
0.912 9.613186557544395e-05
0.902 -2.2470616386272013e-05
0.914 -2.6055211492348462e-05
0.904 1.8870843632612377e-05
0.906 4.063957021571696e-06
0.906 0.00020812349976040423
0.908 -4.132401227252558e-05
0.902 -5.4272722991299815e-06
0.902 0.00014432291209232062
0.906 2.0297069568187e-05
0.908 9.400193084729835e-05
0.906 -4.8175450501730666e-05
0.906 8.144849630298268e-07
0.902 9.80551412794739e-05
0.904 4.7062030716915615e-06
0.904 -3.448074494372122e-05
0.904 -8.882503607310355e-05
0.908 -6.603413203265518e-05
0.91 -4.536494452622719e-05
0.908 6.699776713503525e-05
0.902 -3.359896072652191e-05
0.902 3.62366222361743e-06
0.906 4.163503945164848e-06
0.904 0.00011119817645521834
0.908 -4.279698259779252e-05
0.904 -0.00014251278480514884
0.91 0.00010838919843081385
0.904 2.3182174118119292e-05
0.908 7.795856799930334e-05
0.904 2.635437158460263e-05
0.908 9.70455730566755e-05
0.904 -6.4578789533698e-06
0.912 8.728981629246846e-05
0.902 2.5139090212178417e-05
0.904 -0.00010404510248918086
0.902 5.658202280756086e-05
0.904 -5.030861939303577e-05
0.906 6.138550088508055e-05
0.904 2.363110525038792e-06
0.91 -2.3554282961413264e-05
0.906 -5.305637387209572e-05
0.91 0.00011797330807894468
0.908 8.630471711512655e-05
0.902 -7.506454949179897e-06
0.906 -1.2679054634645581e-05
0.906 -9.047660569194704e-05
0.908 -0.0001372922124573961
0.906 1.7527932868688367e-05
0.902 4.0056627767626196e-05
0.908 3.3855224046419607e-06
0.904 6.487769860541448e-05
0.906 -2.081935053865891e-05
0.906 6.770052277715877e-05
0.904 0.00011101205745944753
0.906 5.320515265339054e-05
0.904 6.157013558549806e-05
0.906 -4.344392800703645e-05
0.904 5.213244730839506e-05
0.904 -3.511166505631991e-05
0.906 -2.294708974659443e-05
finished Cora here
starting Cora here, shuffle = True
0.886 4.847642412642017e-05
0.882 0.00013256580859888345
0.89 8.931901538744569e-05
0.886 -3.4405034966766834e-05
0.872 -0.00010480980563443154
0.872 9.514072007732466e-05
0.892 7.695169188082218e-05
0.896 -8.038472878979519e-05
0.892 2.4657472749822773e-05
0.874 -7.78419416747056e-06
0.88 -4.792121035279706e-05
0.878 -3.3825428545242175e-05
0.892 1.1109636034234427e-05
0.898 1.5841142158024013e-05
0.886 -9.485831105848774e-05
0.868 -8.095576777122915e-05
0.89 -7.130248559406027e-05
0.878 -6.202371878316626e-05
0.88 0.00011122193245682865
0.874 -4.7338497097371146e-05
0.894 -2.7451980713522062e-05
0.92 2.795526415866334e-05
0.88 -4.922565494780429e-05
0.884 4.6567995013901964e-05
0.894 -6.851846137578832e-06
0.902 1.3489531056620763e-06
0.882 1.8780223399517126e-05
0.892 8.026558134588413e-06
0.884 -6.869676144560799e-05
0.882 7.837601151550189e-05
0.872 9.093098196899518e-05
0.884 -0.0001676675456110388
0.868 -4.9205267714569345e-05
0.91 0.0001442659558961168
0.894 6.255843618419021e-05
0.89 -1.5587173038511537e-05
0.892 3.853043745039031e-05
0.89 1.7906799257616512e-05
0.906 6.247006967896596e-05
0.908 9.184284863295034e-05
0.894 -2.2991082005319186e-05
0.904 1.4882742107147351e-05
0.916 2.320913517905865e-05
0.878 -8.644070476293564e-05
0.892 4.544870898826048e-05
0.878 -2.0803034203709103e-05
0.888 1.103173963201698e-05
0.88 2.9328681193874218e-05
0.898 -3.250865847803652e-05
0.902 0.0001014297959045507
0.894 1.572311157360673e-05
0.886 9.6802777989069e-06
0.888 -2.0593233784893528e-05
0.916 -8.810155850369483e-05
0.89 -4.572076431941241e-05
0.904 0.00012264749966561794
0.898 -3.3272983273491263e-05
0.894 7.727076445007697e-05
0.884 -6.9512112531811e-05
0.902 -1.786080247256905e-05
0.918 -2.8095108064007945e-05
0.874 -7.349111547227949e-05
0.886 4.505921242525801e-05
0.882 2.3576589228468947e-05
0.896 6.18910271441564e-05
0.884 3.8711499655619264e-05
0.894 6.116996701166499e-06
0.882 9.043412865139544e-05
0.892 7.549780275439844e-05
0.886 6.681657396256924e-05
0.892 2.1301213564584032e-05
0.902 2.7114445401821285e-05
0.898 8.130979404086247e-05
0.894 -0.00011833637836389244
0.91 2.5539698981447145e-05
0.898 3.4869255614466965e-05
0.904 -5.936671732342802e-05
0.88 -1.3391201719059609e-05
0.884 -2.1100153389852494e-05
0.872 6.145853694761172e-05
0.882 4.565589733829256e-06
0.906 3.216045297449455e-05
0.9 -8.614647958893329e-05
0.89 -3.119557004538365e-05
0.896 -0.00014553978689946234
0.922 -0.00011903981794603169
0.91 0.00011435902706580237
0.892 9.007148764794692e-05
0.88 -2.7132826289744116e-05
0.892 1.733787576085888e-05
0.892 4.583216650644317e-05
0.864 -1.0542335076024756e-05
0.896 2.5199915398843586e-05
0.898 3.040882984350901e-05
0.896 -1.7136439055320807e-05
0.896 4.554267434286885e-05
0.89 3.702324829646386e-05
0.872 0.0001460612256778404
0.866 -6.937936268514022e-05
0.888 -2.7606372896116227e-05
finished Cora here
